
247 300 5 v965ST 12 100 4 1 2000 1000 200 52 7 500000 daq5/r300_v965ST_5.root /home/daq/data/raw/V965ST/daq5/r300_v965ST_5.dat 80
100 247 0 1000 1 1 19 0.05 625.017611 7.134845 0.005 3.85 4 7.134845 0.166667 0.833333 0.001 -1 -1 -1 3.465 -1 -1 0.15 0.816667 0.3 -1 -1 -1 4.235 -1 -1 0.183333 0.85 0.019209 629.66966 7.388782 0.043246 3.465 -2.827537 -1.424398 0.183333 0.85 0.000548 0.103502 0.049055 0.000701 0.018825 0.036608 0.07379 0.000028 0.00003 168.06598 -0.441251 0.074062 -16.784658 fit_pmt__fitID100_runID247_chi168_logX.png fit_pmt_nn__fitID100_runID247_chi168_log0.png 0
:::
248 301 5 v965ST 12 100 4 1 2000 1000 200 54 7 500000 daq5/r301_v965ST_5.root /home/daq/data/raw/V965ST/daq5/r301_v965ST_5.dat 80
101 248 0 1000 1 1 20 0.05 612.326659 1.959656 0.005 4.65 4 1.959656 0.166667 0.833333 0.001 -1 -1 -1 4.185 -1 -1 0.15 0.816667 0.3 -1 -1 -1 5.115 -1 -1 0.183333 0.85 0.02265 611.626985 1.738774 0.046343 5.115 3.601041 0.52496 0.16705 0.830806 0.000693 0.007376 0.007218 0.000778 0.005813 0.00289 0.030618 0.00063 0.001206 2.771427 0.56196 0.000751 0.133608 fit_pmt__fitID101_runID248_chi2_logX.png fit_pmt_nn__fitID101_runID248_chi2_log0.png 1
:::
249 302 5 v965ST 12 100 4 1 2000 2000 100 46 7 500000 daq5/r302_v965ST_5.root /home/daq/data/raw/V965ST/daq5/r302_v965ST_5.dat 80
102 249 0 1000 1 1 16 0.05 613.806921 2.590908 0.005 1.38 4 2.590908 0.047619 0.952381 0.001 -1 -1 -1 1.242 -1 -1 0.042857 0.947619 0.3 -1 -1 -1 1.518 -1 -1 0.052381 0.957143 0.004496 611.732964 1.913372 0.037386 1.311459 3.759601 0.802303 0.05133 0.947619 0.000166 0.046023 0.017877 0.001156 0.03399 0.062797 0.073567 0.001161 0.000812 3.332834 0.586704 0.017891 3.049343 fit_pmt__fitID102_runID249_chi3_logX.png fit_pmt_nn__fitID102_runID249_chi3_log0.png 1
:::
250 303 5 v965ST 12 100 4 1 2000 2000 100 48 7 500000 daq5/r303_v965ST_5.root /home/daq/data/raw/V965ST/daq5/r303_v965ST_5.dat 80
103 250 0 1000 1 1 17 0.05 615.653422 3.354774 0.005 1.88 4 3.354774 0.047619 0.952381 0.001 -1 -1 -1 1.692 -1 -1 0.042857 0.947619 0.3 -1 -1 -1 2.068 -1 -1 0.052381 0.957143 0.006538 611.742776 1.939099 0.038884 1.752608 3.86624 0.654316 0.051716 0.947647 0.000245 0.022102 0.013339 0.001055 0.015623 0.019968 0.041618 0.000297 0.000542 2.956475 0.603346 0.005358 0.88804 fit_pmt__fitID103_runID250_chi2_logX.png fit_pmt_nn__fitID103_runID250_chi2_log0.png 1
:::
251 304 5 v965ST 12 100 4 1 2000 2000 100 50 7 500000 daq5/r304_v965ST_5.root /home/daq/data/raw/V965ST/daq5/r304_v965ST_5.dat 80
104 251 0 1000 1 1 17 0.05 618.29615 4.142079 0.005 2.56 4 4.142079 0.047619 0.952381 0.001 -1 -1 -1 2.304 -1 -1 0.042857 0.947619 0.3 -1 -1 -1 2.816 -1 -1 0.052381 0.957143 0.009519 611.961361 1.882813 0.040972 2.569876 3.689139 0.735928 0.052381 0.947619 0.000347 0.035845 0.021043 0.001053 0.040497 0.045247 0.080464 0.001704 0.000653 3.388874 0.575708 0.012999 2.25784 fit_pmt__fitID104_runID251_chi3_logX.png fit_pmt_nn__fitID104_runID251_chi3_log0.png 1
:::
252 305 5 v965ST 12 100 4 1 2000 2000 100 52 7 500000 daq5/r305_v965ST_5.root /home/daq/data/raw/V965ST/daq5/r305_v965ST_5.dat 80
105 252 0 1000 1 1 19 0.05 621.922551 5.227808 0.005 3.85 4 5.227808 0.047619 0.952381 0.001 -1 -1 -1 3.465 -1 -1 0.042857 0.947619 0.3 -1 -1 -1 4.235 -1 -1 0.052381 0.957143 0.013797 611.95511 1.815982 0.040659 4.167675 3.169383 1.363861 0.052378 0.947622 0.000447 0.02022 0.024471 0.000764 0.022203 0.014871 0.017423 0.000154 0.000689 3.487059 0.494598 0.004334 0.876187 fit_pmt__fitID105_runID252_chi3_logX.png fit_pmt_nn__fitID105_runID252_chi3_log0.png 1
:::
253 306 5 v965ST 12 100 4 1 2000 2000 100 54 7 500000 daq5/r306_v965ST_5.root /home/daq/data/raw/V965ST/daq5/r306_v965ST_5.dat 80
106 253 0 1000 1 1 20 0.05 627.999076 7.028215 0.005 4.65 4 7.028215 0.047619 0.952381 0.001 -1 -1 -1 4.185 -1 -1 0.042857 0.947619 0.3 -1 -1 -1 5.115 -1 -1 0.052381 0.957143 0.023193 612.312775 1.743711 0.046931 4.879581 3.66878 -0.585903 0.04893 0.949838 0.000709 0.018732 0.020152 0.000774 0.026717 0.019359 0.049679 0.000501 0.001336 3.033494 0.572531 0.005262 0.91902 fit_pmt__fitID106_runID253_chi3_logX.png fit_pmt_nn__fitID106_runID253_chi3_log0.png 1
:::
254 307 5 v965ST 12 100 4 1 2000 2000 300 46 7 500000 daq5/r307_v965ST_5.root /home/daq/data/raw/V965ST/daq5/r307_v965ST_5.dat 80
107 254 0 1000 1 1 16 0.05 613.537155 2.330076 0.005 1.38 4 2.330076 0.130435 0.869565 0.001 -1 -1 -1 1.242 -1 -1 0.117391 0.856522 0.3 -1 -1 -1 1.518 -1 -1 0.143478 0.882609 0.004405 612.307377 1.984421 0.038561 1.270982 3.874312 0.58868 0.125952 0.867757 0.000191 0.028228 0.012279 0.001358 0.021261 0.042884 0.087756 0.004734 0.004854 2.89007 0.604606 0.011377 1.881711 fit_pmt__fitID107_runID254_chi2_logX.png fit_pmt_nn__fitID107_runID254_chi2_log0.png 1
:::
255 308 5 v965ST 12 100 4 1 2000 2000 300 48 7 500000 daq5/r308_v965ST_5.root /home/daq/data/raw/V965ST/daq5/r308_v965ST_5.dat 80
108 255 0 1000 1 1 17 0.05 614.733076 3.123182 0.005 1.88 4 3.123182 0.130435 0.869565 0.001 -1 -1 -1 1.692 -1 -1 0.117391 0.856522 0.3 -1 -1 -1 2.068 -1 -1 0.143478 0.882609 0.006239 611.760934 1.955214 0.039582 1.874918 3.710026 -0.726435 0.127456 0.866016 0.000251 0.025461 0.012679 0.001196 0.030461 0.047432 0.078849 0.002857 0.003038 2.928617 0.578968 0.012667 2.187909 fit_pmt__fitID108_runID255_chi2_logX.png fit_pmt_nn__fitID108_runID255_chi2_log0.png 1
:::
256 309 5 v965ST 12 100 4 1 2000 2000 300 50 7 500000 daq5/r309_v965ST_5.root /home/daq/data/raw/V965ST/daq5/r309_v965ST_5.dat 80
109 256 0 1000 1 1 17 0.05 620.942103 6.18476 0.005 2.56 4 6.18476 0.130435 0.869565 0.001 -1 -1 -1 2.304 -1 -1 0.117391 0.856522 0.3 -1 -1 -1 2.816 -1 -1 0.143478 0.882609 0.00894 611.688272 1.962862 0.040055 2.555586 3.771102 0.637245 0.121511 0.872534 0.000326 0.019203 0.013105 0.000968 0.02704 0.034404 0.068537 0.00172 0.002033 2.699361 0.588499 0.008821 1.498901 fit_pmt__fitID109_runID256_chi2_logX.png fit_pmt_nn__fitID109_runID256_chi2_log0.png 1
:::
257 310 5 v965ST 12 100 4 1 2000 2000 300 52 7 500000 daq5/r310_v965ST_5.root /home/daq/data/raw/V965ST/daq5/r310_v965ST_5.dat 80
110 257 0 1000 1 1 19 0.05 624.96589 7.670589 0.005 3.85 4 7.670589 0.130435 0.869565 0.001 -1 -1 -1 3.465 -1 -1 0.117391 0.856522 0.3 -1 -1 -1 4.235 -1 -1 0.143478 0.882609 0.019742 621.833156 8.585192 0.042573 4.102006 0.335558 -1.486835 0.143476 0.882581 0.000388 0.116365 0.029971 0.000204 0.040255 0.034955 0.036067 0.000064 0.000083 76.895502 0.052365 0.047834 91.347077 fit_pmt__fitID110_runID257_chi76_logX.png fit_pmt_nn__fitID110_runID257_chi76_log0.png 0
:::
258 311 5 v965ST 12 100 4 1 2000 2000 300 54 7 500000 daq5/r311_v965ST_5.root /home/daq/data/raw/V965ST/daq5/r311_v965ST_5.dat 80
111 258 0 1000 1 1 20 0.05 629.608964 8.952876 0.005 4.65 4 8.952876 0.130435 0.869565 0.001 -1 -1 -1 4.185 -1 -1 0.117391 0.856522 0.3 -1 -1 -1 5.115 -1 -1 0.143478 0.882609 0.005017 632.223637 9.986727 0.016569 5.030714 -0.796004 -2.025873 0.137917 0.865016 0.000199 0.095562 0.040505 0.000153 0.051018 0.019401 0.074976 0.002377 0.001264 204.778472 -0.12422 0.043325 -34.877526 fit_pmt__fitID111_runID258_chi204_logX.png fit_pmt_nn__fitID111_runID258_chi204_log0.png 0
:::
263 316 5 v965ST 12 100 4 1 1975 2000 400 54 7 500000 daq5/r316_v965ST_5.root /home/daq/data/raw/V965ST/daq5/r316_v965ST_5.dat 80
116 263 0 1000 1 1 20 0.05 629.303134 8.031703 0.005 4.65 4 8.031703 0.166667 0.833333 0.001 -1 -1 -1 4.185 -1 -1 0.15 0.816667 0.3 -1 -1 -1 5.115 -1 -1 0.183333 0.85 0.007812 631.056995 5.628812 0.025488 4.185269 -1.771364 -5.345424 0.183312 0.85 0.000325 0.038288 0.030712 0.000432 0.003184 0.01462 0.020293 0.000054 0.000039 253.159553 -0.27643 0.0363 -13.131876 fit_pmt__fitID116_runID263_chi253_logX.png fit_pmt_nn__fitID116_runID263_chi253_log0.png 0
:::
268 321 5 v965ST 12 100 4 1 1950 2000 400 54 7 500000 daq5/r321_v965ST_5.root /home/daq/data/raw/V965ST/daq5/r321_v965ST_5.dat 80
121 268 0 1000 1 1 20 0.05 627.961686 7.518111 0.005 4.65 4 7.518111 0.166667 0.833333 0.001 -1 -1 -1 4.185 -1 -1 0.15 0.816667 0.3 -1 -1 -1 5.115 -1 -1 0.183333 0.85 0.009403 629.695941 5.362941 0.034465 5.115 -1.394856 4.529352 0.183333 0.85 0.000506 0.039802 0.032633 0.000777 0.004456 0.011757 0.019021 0.000026 0.000023 220.748468 -0.217674 0.027259 -12.522975 fit_pmt__fitID121_runID268_chi220_logX.png fit_pmt_nn__fitID121_runID268_chi220_log0.png 0
:::
273 326 5 v965ST 12 100 4 1 1925 2000 400 54 7 500000 daq5/r326_v965ST_5.root /home/daq/data/raw/V965ST/daq5/r326_v965ST_5.dat 80
126 273 0 1000 1 1 20 0.05 626.963853 7.293181 0.005 4.65 4 7.293181 0.166667 0.833333 0.001 -1 -1 -1 4.185 -1 -1 0.15 0.816667 0.3 -1 -1 -1 5.115 -1 -1 0.183333 0.85 0.024143 628.563138 5.42661 0.048257 5.115 -1.178694 -3.956225 0.183333 0.85 0.000635 0.039778 0.034322 0.000554 0.004845 0.011192 0.020564 0.000052 0.000043 329.866807 -0.183941 0.031721 -17.245089 fit_pmt__fitID126_runID273_chi329_logX.png fit_pmt_nn__fitID126_runID273_chi329_log0.png 0
:::
278 331 5 v965ST 12 100 4 1 1900 2000 400 54 7 500000 daq5/r331_v965ST_5.root /home/daq/data/raw/V965ST/daq5/r331_v965ST_5.dat 80
131 278 0 1000 1 1 20 0.05 626.744309 7.085227 0.005 4.65 4 7.085227 0.166667 0.833333 0.001 -1 -1 -1 4.185 -1 -1 0.15 0.816667 0.3 -1 -1 -1 5.115 -1 -1 0.183333 0.85 0.023027 626.087033 6.685276 0.051213 4.299097 -0.618795 -3.398389 0.182183 0.840582 0.000387 0.009727 0.044113 0.000095 0.017528 0.004437 0.031168 0.000467 0.000875 275.619992 -0.096566 0.011496 -11.904906 fit_pmt__fitID131_runID278_chi275_logX.png fit_pmt_nn__fitID131_runID278_chi275_log0.png 0
:::
284 337 5 v965ST 12 100 4 1 1850 2000 400 54 7 500000 daq5/r337_v965ST_5.root /home/daq/data/raw/V965ST/daq5/r337_v965ST_5.dat 80
137 284 0 1000 1 1 20 0.05 624.849743 6.392712 0.005 4.65 4 6.392712 0.166667 0.833333 0.001 -1 -1 -1 4.185 -1 -1 0.15 0.816667 0.3 -1 -1 -1 5.115 -1 -1 0.183333 0.85 0.020571 626.195765 5.601648 0.057018 4.204273 -1.172385 3.167329 0.183321 0.84994 0.00073 0.059272 0.0522 0.000882 0.008399 0.021002 0.042261 0.000044 0.000099 231.722312 -0.182956 0.04989 -27.268811 fit_pmt__fitID137_runID284_chi231_logX.png fit_pmt_nn__fitID137_runID284_chi231_log0.png 0
:::
300 353 5 v965ST 12 100 3 1 2000 2000 400 47 7 500000 daq5/r353_v965ST_5.root /home/daq/data/raw/V965ST/daq5/r353_v965ST_5.dat 80
153 300 0 1000 1 1 17 0.05 622.489846 2.535866 0.005 2.2 4 2.535866 0.166667 0.833333 0.001 -1 -1 -1 1.98 -1 -1 0.15 0.816667 0.3 -1 -1 -1 2.42 -1 -1 0.183333 0.85 0.005487 621.126784 2.014447 0.019616 2.42 4.376656 3.262385 0.175068 0.824181 0.000207 0.010302 0.012046 0.000666 0.045107 0.031964 0.040372 0.002868 0.003169 6.007734 0.682999 0.012226 1.790081 fit_pmt__fitID153_runID300_chi6_logX.png fit_pmt_nn__fitID153_runID300_chi6_log0.png 0
:::
301 354 5 v965ST 12 100 3 1 2000 2000 400 48 7 500000 daq5/r354_v965ST_5.root /home/daq/data/raw/V965ST/daq5/r354_v965ST_5.dat 80
154 301 0 1000 1 1 17 0.05 622.971833 2.388266 0.005 2.4 4 2.388266 0.166667 0.833333 0.001 -1 -1 -1 2.16 -1 -1 0.15 0.816667 0.3 -1 -1 -1 2.64 -1 -1 0.183333 0.85 0.007399 621.892735 2.046498 0.021379 2.64 4.744714 3.064554 0.182363 0.816667 0.000253 0.009071 0.008087 0.000586 0.028157 0.00785 0.021664 0.00113 0.000873 5.049413 0.740436 0.002753 0.371764 fit_pmt__fitID154_runID301_chi5_logX.png fit_pmt_nn__fitID154_runID301_chi5_log0.png 0
:::
302 355 5 v965ST 12 100 3 1 2000 2000 400 49 7 500000 daq5/r355_v965ST_5.root /home/daq/data/raw/V965ST/daq5/r355_v965ST_5.dat 80
155 302 0 1000 1 1 17 0.05 622.340207 2.514275 0.005 2.5 4 2.514275 0.166667 0.833333 0.001 -1 -1 -1 2.25 -1 -1 0.15 0.816667 0.3 -1 -1 -1 2.75 -1 -1 0.183333 0.85 0.009212 621.197505 2.129796 0.022188 2.419135 5.998055 2.065646 0.183333 0.816667 0.000298 0.011765 0.008009 0.000558 0.021184 0.047899 0.058871 0.00018 0.000249 3.815233 0.936026 0.0146 1.559818 fit_pmt__fitID155_runID302_chi3_logX.png fit_pmt_nn__fitID155_runID302_chi3_log0.png 0
:::
